1.703753812703744686e+01
9.594509443777102575e+00
5.074632359580004248e+00
4.538707063731944658e+00
3.999579614346566281e+00
3.455263748238067478e+00
2.597194905198039638e+00
2.515138830115017488e+00
2.117013781773493086e+00
1.515061713480705397e+00
1.196742729778826675e+00
9.688351255509243254e-01
7.946515948450932898e-01
6.658912977341846506e-01
6.342407213001873822e-01
5.596226056166093699e-01
5.199153320106133513e-01
4.823771428030368402e-01
4.658737854492893127e-01
4.441495609775903408e-01
4.178760020181032653e-01
3.902584041111171187e-01
3.813678388313087586e-01
3.476236912844670734e-01
3.134138004011388090e-01
3.042854374344574064e-01
2.920913964049215439e-01
2.859378488075633995e-01
2.733469713018248370e-01
2.529250084135353238e-01
2.468113080762243949e-01
2.400786621803987497e-01
2.322578984563991866e-01
2.232815087053465486e-01
2.092387713224971302e-01
2.040746647625771848e-01
1.958133011448745242e-01
1.910804167008515742e-01
1.812790440904733513e-01
1.766870964459648918e-01
1.702340067115301336e-01
1.649215327774445905e-01
1.631109015200682688e-01
1.590387558846582949e-01
1.560642173773928720e-01
1.536721340407154746e-01
1.464569697017096550e-01
1.428921024063817824e-01
1.416676657410568252e-01
1.403100502428246965e-01
1.385487346232878725e-01
1.308482641971929761e-01
1.306726723685859015e-01
1.242061699570727457e-01
1.209366034504090748e-01
1.179760143642810538e-01
1.170334423572476079e-01
1.138209328599275177e-01
1.088757207367457291e-01
1.076800977171802898e-01
1.048082031971301897e-01
1.023329854862434773e-01
1.000375171313976491e-01
9.842373628845550726e-02
9.544188801169600778e-02
9.463081798876366024e-02
9.289995613400447994e-02
8.966654899152744218e-02
8.751763830851913561e-02
8.425984132406892646e-02
8.412271158398447468e-02
8.341180439711881611e-02
7.933742126683678009e-02
7.829102092236804589e-02
7.724547924382442476e-02
7.392784370450010412e-02
7.302733151386125998e-02
7.112023763456729042e-02
6.969094036121438462e-02
6.867040669433986666e-02
6.713763504600195331e-02
6.533077876262607941e-02
6.137768407827756678e-02
6.105262619776853639e-02
6.010475579467088048e-02
5.859174689584079748e-02
5.716444634720736773e-02
5.658585181344512327e-02
5.467694491060019063e-02
5.416096374327951379e-02
5.190534624859068080e-02
4.942077541720927419e-02
4.862909836633574207e-02
4.824132742102738014e-02
4.691432066889177771e-02
4.615177384370005437e-02
4.596447677077016014e-02
4.264695495849760848e-02
4.183245724028576695e-02
3.995524293418337147e-02
3.931183990862460037e-02
3.913061152126105086e-02
3.849985871538162685e-02
3.753420435336572020e-02
3.661364546246330398e-02
3.522366887341472907e-02
3.486128311631563753e-02
3.450325294425513750e-02
3.314609135860609179e-02
3.280792824990303586e-02
3.085714932772207555e-02
3.074430597467666185e-02
2.958933895313474102e-02
2.923009590335703609e-02
2.774717916328914291e-02
2.730585123985184923e-02
2.641777366268281343e-02
2.599685447564594951e-02
2.478945828872134577e-02
2.424227860036198834e-02
2.325562471893207958e-02
2.204277385283233762e-02
2.141710722995421312e-02
2.056653747884314154e-02
1.988939398068988174e-02
1.859039076779214067e-02
1.817403740626007819e-02
1.784432769396865001e-02
1.774276677665636431e-02
1.652679880036325710e-02
1.628356350278462733e-02
1.581983197565731830e-02
1.457478860684199330e-02
1.426231551250187884e-02
1.365803733054746401e-02
1.340349103629585002e-02
1.298089654301954297e-02
1.253487288112060602e-02
1.188604863904180881e-02
1.139555998896817600e-02
1.105516656289931218e-02
1.036167601204737373e-02
1.023532533978173571e-02
1.013477317817746901e-02
9.512494271982242094e-03
9.134757835878240181e-03
8.576370340303887327e-03
7.976355193566578641e-03
7.831625421564035461e-03
7.082746735852429344e-03
6.681218809460497815e-03
6.367066532217443078e-03
5.923558887973015205e-03
5.771478947983126918e-03
5.482012905521933994e-03
5.452563885678354122e-03
4.792270266838922869e-03
4.522353931489351588e-03
4.268972517052103607e-03
3.711717178592825218e-03
3.680775957964258979e-03
3.457952432398291465e-03
3.019715933199716793e-03
2.757101561157149910e-03
2.567707829633464594e-03
2.299334652482498253e-03
2.245538163248338940e-03
1.914166542202280384e-03
1.849373892802981144e-03
1.514874182504841356e-03
1.347805268759608632e-03
1.194669466173279215e-03
1.162300515220113760e-03
9.600358215901783022e-04
8.663320246314785370e-04
7.931347583855383144e-04
6.874948977594512803e-04
5.188553455683967384e-04
4.276642798533107355e-04
4.158414844283663090e-04
4.053464229169832312e-04
2.526514589118932994e-04
1.967945987239884105e-04
1.506332830036256128e-04
1.356995267310144668e-04
1.082390873615288369e-04
1.067682591732672844e-04
3.072905400606183984e-05
1.744701693427377779e-05
1.426902663688367956e-05
4.081890588539839502e-06
1.316473568182566789e-06
4.585323007081782496e-08
8.769618498886824891e-10
1.305532365158168387e-10
6.219663894185951124e-11
1.609127739447618976e-16
-5.875562682278490991e-10
-1.013127937677256698e-09
-2.194981118644970694e-08
-9.622544355434269292e-08
-4.300433937717669962e-06
-1.472858343772445188e-05
-2.801436366654521133e-05
-4.301203611256134709e-05
-4.472081248247531998e-05
-8.351018384064889954e-05
-1.202759990753706339e-04
-1.464161095443844028e-04
-1.640552123885644727e-04
-2.300820015232142774e-04
-3.125623568158159417e-04
-3.630758094556889217e-04
-3.761183490079389154e-04
-5.539376696454536772e-04
-6.197032746571497653e-04
-7.999520186563689175e-04
-8.864327184828018312e-04
-9.954347828488843610e-04
-1.273821482760627982e-03
-1.331235235930153292e-03
-1.489342682096535340e-03
-1.633759977778344655e-03
-1.776861358662289126e-03
-1.898662699337941252e-03
-1.995154219141952266e-03
-2.427439129936742341e-03
-2.796745590278009418e-03
-3.003761958551804962e-03
-3.216213129949745293e-03
-3.299254473759919478e-03
-3.529304225737259649e-03
-4.062110886358254874e-03
-4.166766824931545515e-03
-4.504243812964362284e-03
-4.687307731195379350e-03
-4.888394969263156614e-03
-5.260962836559981114e-03
-5.701845321725374297e-03
-6.018284811786844823e-03
-6.144972551205656920e-03
-6.763828718244656833e-03
-7.276330243383445466e-03
-8.005160965992004149e-03
-8.398550095273965219e-03
-8.622258595680049389e-03
-8.865848818086555921e-03
-9.582863193293661083e-03
-9.691472020819357977e-03
-1.009258862224299974e-02
-1.051653333537888417e-02
-1.115203550889007182e-02
-1.161279838836894521e-02
-1.178090520763140983e-02
-1.239932633089827277e-02
-1.325538789802482333e-02
-1.343137477627654938e-02
-1.374980641098343288e-02
-1.451860906968442839e-02
-1.558461313615736032e-02
-1.616223517941972262e-02
-1.709250648652607327e-02
-1.776471557707214391e-02
-1.860250452403686486e-02
-1.915880188716900454e-02
-1.947734917694030066e-02
-1.992384964171950434e-02
-2.084414711672395726e-02
-2.148173686515091746e-02
-2.205143193486762410e-02
-2.286704588606033178e-02
-2.354064475936010550e-02
-2.375944392688642687e-02
-2.566212934849221999e-02
-2.646900366646119315e-02
-2.656305535747610636e-02
-2.809146137533688123e-02
-2.923244990681268460e-02
-2.957044523097381028e-02
-3.059521971168465901e-02
-3.152173305435831269e-02
-3.226950794627556768e-02
-3.304872457612530179e-02
-3.386525225101202213e-02
-3.405076453749946580e-02
-3.608658434375182356e-02
-3.704028818467619555e-02
-3.745343207145118702e-02
-3.866815186946878646e-02
-3.921498282402936103e-02
-4.067810214677278213e-02
-4.089930754454529360e-02
-4.181527515991437238e-02
-4.312215201774069473e-02
-4.409757191018316008e-02
-4.539327373530972071e-02
-4.626891449928804273e-02
-4.858195158064881197e-02
-5.020245612892163672e-02
-5.189574046485085496e-02
-5.198000892626970793e-02
-5.299835278721651277e-02
-5.576104252333793226e-02
-5.612832617813979380e-02
-5.820928513483327599e-02
-5.995840493018284728e-02
-6.054056211427532447e-02
-6.172290408590920541e-02
-6.439567122350682571e-02
-6.527788147153307241e-02
-6.657982466980415237e-02
-6.727779607588557642e-02
-6.863682819376050459e-02
-7.167041097154926155e-02
-7.351355520563790380e-02
-7.524322044436901336e-02
-7.768455731024784261e-02
-7.824143660656085464e-02
-7.997250215994182454e-02
-8.202956194516970723e-02
-8.383015972515216185e-02
-8.532756442595160196e-02
-8.728090900745638647e-02
-8.995722336742938141e-02
-9.097578709670504915e-02
-9.321502116188082332e-02
-9.637376408750843171e-02
-9.762810459857146350e-02
-1.003121932629015833e-01
-1.013258132522438515e-01
-1.036715203406437386e-01
-1.076726443995893734e-01
-1.095861490117917558e-01
-1.147490892560590614e-01
-1.189603258648873063e-01
-1.202600876410481467e-01
-1.224688189912449682e-01
-1.279825299477572176e-01
-1.307439754445760549e-01
-1.345088138739058692e-01
-1.382482756215730746e-01
-1.426702402811927672e-01
-1.446666568992981683e-01
-1.487065004757393838e-01
-1.499631623381656731e-01
-1.522043875913993982e-01
-1.536573484924690092e-01
-1.611347376613225246e-01
-1.677066149285534324e-01
-1.788862965903238456e-01
-1.823316754197800427e-01
-1.866996433597591654e-01
-1.889726503793195400e-01
-1.932614085468475074e-01
-2.012147694155284605e-01
-2.071197714630158004e-01
-2.154368776540100117e-01
-2.171121431275570002e-01
-2.255636714126197095e-01
-2.331114358125910557e-01
-2.422719606274861825e-01
-2.543397893506335605e-01
-2.667954929443318579e-01
-2.695037340728720920e-01
-2.789015891753078291e-01
-2.956560627634682303e-01
-3.024864671892645851e-01
-3.299829640916567830e-01
-3.379701601491961194e-01
-3.572135739511208552e-01
-3.602691296889594663e-01
-3.899576652401207655e-01
-4.136911373033110850e-01
-4.203271277179994048e-01
-4.605574563649016406e-01
-5.042547844565348214e-01
-5.260984546974403209e-01
-5.423647637518843601e-01
-5.919084470657844932e-01
-6.343896857596096339e-01
-6.713197251615016237e-01
-7.112590852586203605e-01
-7.924238579674592886e-01
-8.398388310609787855e-01
-1.041034952868979513e+00
-1.090748226053542380e+00
-1.390353733684063009e+00
-2.051114620137985511e+00
